0	6	1
0	12	1
0	15	1
0	16	1
0	24	1
0	34	1
0	36	1
0	39	1
0	77	1
0	99	1
0	113	1
0	114	1
0	127	1
0	150	1
0	200	1
0	221	1
1	36	1
1	181	0
1	263	0
1	347	0
2	75	1
2	79	1
2	297	0
3	4	1
3	37	1
3	44	1
3	70	0
3	79	1
3	103	0
4	3	1
4	37	1
4	72	0
4	79	1
4	279	0
4	306	0
6	0	1
6	29	1
6	79	1
6	120	1
7	331	0
8	79	1
9	39	1
9	93	1
9	147	1
10	36	1
10	62	0
10	89	1
10	93	1
11	27	1
11	32	1
11	35	1
11	117	0
11	123	1
11	187	1
12	0	1
12	24	1
12	27	1
12	32	1
12	35	1
12	37	1
12	39	1
12	44	1
12	49	0
12	66	0
12	74	1
12	123	1
12	125	1
12	147	1
12	157	0
12	187	1
12	221	1
12	268	0
12	285	0
12	345	0
12	356	0
13	21	1
13	22	1
13	23	1
13	63	1
13	112	1
13	136	1
13	137	1
13	138	0
14	16	1
14	128	1
15	0	1
15	34	1
15	36	1
15	57	1
15	116	0
15	118	0
15	177	1
15	194	0
15	209	1
15	246	1
15	313	0
16	0	1
16	14	1
16	56	1
16	115	1
16	120	1
16	128	1
16	132	1
16	148	1
16	177	1
16	209	1
17	46	1
18	322	0
20	36	0
20	331	0
20	342	0
21	13	1
21	22	1
21	23	1
21	24	1
21	43	1
21	63	1
21	100	1
21	112	1
21	137	1
21	221	1
22	13	1
22	21	1
22	63	1
22	112	1
22	136	1
23	13	1
23	21	1
23	63	1
23	136	1
23	137	1
24	0	1
24	12	1
24	21	1
26	147	1
26	225	0
26	358	0
27	11	1
27	12	1
27	32	1
27	35	1
27	74	1
27	95	1
27	120	1
27	187	1
27	205	1
28	39	1
28	84	0
28	86	1
29	6	1
29	79	1
29	160	0
30	250	0
32	11	1
32	12	1
32	27	1
32	35	1
32	74	1
32	123	1
32	124	1
32	187	1
32	205	1
33	243	0
33	332	0
34	0	1
34	15	1
34	78	0
34	209	1
35	11	1
35	12	1
35	27	1
35	32	1
35	74	1
35	123	1
35	124	1
35	247	0
36	0	1
36	1	1
36	10	1
36	15	1
36	20	0
36	39	1
36	83	1
36	89	1
36	121	0
36	148	1
36	172	0
36	262	0
36	298	0
36	300	0
36	323	0
36	335	0
36	337	0
37	3	1
37	4	1
37	12	1
37	44	1
37	79	1
38	320	0
39	0	1
39	9	1
39	12	1
39	28	1
39	36	1
39	79	1
39	89	1
39	93	1
41	75	1
41	90	1
41	177	1
41	236	0
41	297	0
41	338	0
42	89	1
43	21	1
43	47	1
43	92	0
43	120	1
43	276	0
44	3	1
44	12	1
44	37	1
44	79	1
46	17	1
46	294	0
47	43	1
47	120	1
47	266	0
49	12	0
51	289	0
54	275	0
55	147	0
56	16	1
56	115	1
56	120	1
57	15	1
57	186	0
57	246	1
58	195	0
58	214	0
59	210	0
60	61	1
60	292	0
61	60	1
62	10	0
62	210	0
63	13	1
63	21	1
63	22	1
63	23	1
63	137	1
64	69	1
64	113	1
64	154	0
64	219	0
64	285	0
64	311	0
65	203	0
66	12	0
66	89	0
68	196	0
69	64	1
69	113	1
69	138	0
69	339	0
70	3	0
70	89	0
71	331	0
72	4	0
73	325	0
74	12	1
74	27	1
74	32	1
74	35	1
74	124	1
74	187	1
75	2	1
75	41	1
77	0	1
77	127	1
77	139	1
77	200	1
78	34	0
79	2	1
79	3	1
79	4	1
79	6	1
79	8	1
79	29	1
79	37	1
79	39	1
79	44	1
79	87	0
79	97	1
79	164	0
83	36	1
84	28	0
86	28	1
87	79	0
88	96	0
89	10	1
89	36	1
89	39	1
89	42	1
89	66	0
89	70	0
89	90	1
89	145	0
89	147	1
89	234	0
89	324	0
90	41	1
90	89	1
90	94	0
90	220	0
90	253	0
90	259	0
91	341	0
92	43	0
93	9	1
93	10	1
93	39	1
93	147	1
93	185	0
93	279	0
93	333	0
94	90	0
95	27	1
95	273	0
96	88	0
97	79	1
98	184	0
99	0	1
99	120	1
99	177	1
100	21	1
100	120	1
100	207	0
101	168	0
102	218	0
103	3	0
104	124	0
105	161	0
107	179	0
108	282	0
110	342	0
112	13	1
112	21	1
112	22	1
112	136	1
112	137	1
113	0	1
113	64	1
113	69	1
113	171	0
114	0	1
115	16	1
115	56	1
115	128	1
116	15	0
117	11	0
118	15	0
119	141	1
120	6	1
120	16	1
120	27	1
120	43	1
120	47	1
120	56	1
120	99	1
120	100	1
120	128	1
120	177	1
121	36	0
123	11	1
123	12	1
123	32	1
123	35	1
123	124	1
123	156	0
123	205	1
124	32	1
124	35	1
124	74	1
124	104	0
124	123	1
124	231	0
125	12	1
126	210	0
126	342	0
127	0	1
127	77	1
127	153	0
128	14	1
128	16	1
128	115	1
128	120	1
130	280	0
132	16	1
133	142	1
136	13	1
136	22	1
136	23	1
136	112	1
136	137	1
137	13	1
137	21	1
137	23	1
137	63	1
137	112	1
137	136	1
137	157	0
138	13	0
138	69	0
139	77	1
139	183	0
139	200	1
139	274	0
141	119	1
142	133	1
142	254	0
144	228	0
144	271	0
145	89	0
147	9	1
147	12	1
147	26	1
147	55	0
147	89	1
147	93	1
148	16	1
148	36	1
148	150	1
148	177	1
148	328	0
149	322	0
150	0	1
150	148	1
150	351	0
153	127	0
154	64	0
156	123	0
157	12	0
157	137	0
159	210	0
160	29	0
161	105	0
164	79	0
166	322	0
167	226	0
168	101	0
171	113	0
172	36	0
173	289	0
174	239	0
175	210	0
177	15	1
177	16	1
177	41	1
177	99	1
177	120	1
177	148	1
177	233	0
179	107	0
180	199	0
181	1	0
182	331	0
183	139	0
184	98	0
185	93	0
186	57	0
187	11	1
187	12	1
187	27	1
187	32	1
187	74	1
187	205	1
187	315	0
188	289	0
190	204	0
193	286	0
194	15	0
195	58	0
196	68	0
197	322	0
198	296	0
199	180	0
200	0	1
200	77	1
200	139	1
201	235	0
203	65	0
204	190	0
205	27	1
205	32	1
205	123	1
205	187	1
207	100	0
208	291	0
209	15	1
209	16	1
209	34	1
210	59	0
210	62	0
210	126	0
210	159	0
210	175	0
210	217	0
213	218	0
214	58	0
216	318	0
217	210	0
218	102	0
218	213	0
219	64	0
219	341	0
220	90	0
221	0	1
221	12	1
221	21	1
222	240	0
224	303	0
225	26	0
226	167	0
228	144	0
230	290	0
231	124	0
231	322	0
233	177	0
234	89	0
235	201	0
235	238	0
236	41	0
238	235	0
239	174	0
240	222	0
242	357	0
243	33	0
246	15	1
246	57	1
247	35	0
248	348	0
250	30	0
253	90	0
254	142	0
255	319	0
256	344	0
257	349	0
259	90	0
261	363	0
262	36	0
263	1	0
266	47	0
267	331	0
268	12	0
271	144	0
273	95	0
274	139	0
275	54	0
276	43	0
277	346	0
279	4	0
279	93	0
280	130	0
282	108	0
285	12	0
285	64	0
286	193	0
289	51	0
289	173	0
289	188	0
289	293	0
289	364	0
290	230	0
291	208	0
292	60	0
293	289	0
294	46	0
296	198	0
297	2	0
297	41	0
298	36	0
300	36	0
303	224	0
303	312	0
305	322	0
306	4	0
308	322	0
310	343	0
311	64	0
312	303	0
313	15	0
315	187	0
318	216	0
319	255	0
320	38	0
322	18	0
322	149	0
322	166	0
322	197	0
322	231	0
322	305	0
322	308	0
323	36	0
324	89	0
325	73	0
328	148	0
331	7	0
331	20	0
331	71	0
331	182	0
331	267	0
332	33	0
333	93	0
335	36	0
337	36	0
338	41	0
339	69	0
341	91	0
341	219	0
342	20	0
342	110	0
342	126	0
343	310	0
344	256	0
345	12	0
346	277	0
347	1	0
348	248	0
349	257	0
351	150	0
356	12	0
357	242	0
358	26	0
363	261	0
364	289	0
